% указать самому из своих соображений
delta_o= 3000
delta_t =2000
e =0.00001

%занчения даны
i1=0
i2=1
i3=0
w2=100
k2=0.5
w=sqrt(w2)
k=sqrt(k2)
m=50
n=105

h = 2.152694192730982e+04
l = 2.216590475875140e+04
