delta_o=300
delta_t =300
e =0.00001

i1=1
i2=0
i3=1
w2=1
k2=0.9
w=sqrt(w2)
k=sqrt(k2)
m=9
n=10

h = 4.650515199778324e+02
l = 4.568093238860370e+02